14 0.41640625 0.390625 0.234375 0.2546875
14 0.14609375 0.515625 0.2921875 0.23203125
14 0.39921875 0.77734375 0.22578125 0.2359375
14 0.15859375 0.81953125 0.28984375 0.2359375
14 0.759375 0.42421875 0.2640625 0.23671875
14 0.65859375 0.27890625 0.2296875 0.21328125
14 0.84921875 0.23984375 0.23203125 0.215625
14 0.28828125 0.14609375 0.21953125 0.2
14 0.61171875 0.08828125 0.2046875 0.1765625
14 0.684375 0.72578125 0.19375 0.2515625
14 0.87265625 0.73671875 0.2546875 0.2265625
14 0.5375 0.88515625 0.26171875 0.22890625
14 0.35 0.61953125 0.19375 0.19296875
14 0.5078125 0.559375 0.23125 0.225