14 0.58359375 0.40420829530593794 0.234375 0.2601426386770836
14 0.85390625 0.5354998885801743 0.2921875 0.23883198955076423
14 0.60078125 0.7913270888089241 0.22578125 0.24119261692559046
14 0.84140625 0.8391151978507299 0.28984375 0.24268368816399324
14 0.240625 0.4298193590418058 0.2640625 0.24286487290951406
14 0.34140625 0.28685256867295167 0.2296875 0.21862728590354186
14 0.15078125 0.24335322254892375 0.23203125 0.2210255872903127
14 0.71171875 0.16265918778274363 0.21953125 0.20510964656086825
14 0.38828125 0.09731859640836839 0.2046875 0.18132665444465296
14 0.315625 0.7331275034184724 0.19375 0.25607208130638914
14 0.12734375 0.7396827086812154 0.2546875 0.23249041736243078
14 0.4625 0.8892110731140367 0.26171875 0.22157785377192668
14 0.65 0.6346601679311117 0.19375 0.19747833130638917
14 0.4921875 0.5708307912218754 0.23125 0.23038240349472244